take4_1.jld2 8 8 1 600000 600 0.0 1.0 1.040 0.9 1.0 1 XYZ 3 -1
take4_2.jld2 8 8 1 600000 600 0.0 1.0 1.041 0.9 1.0 1 XYZ 3 -1
take4_3.jld2 8 8 1 600000 600 0.0 1.0 1.042 0.9 1.0 1 XYZ 3 -1
take4_4.jld2 8 8 1 600000 600 0.0 1.0 1.043 0.9 1.0 1 XYZ 3 -1
take4_5.jld2 8 8 1 600000 600 0.0 1.0 1.044 0.9 1.0 1 XYZ 3 -1
take4_6.jld2 8 8 1 600000 600 0.0 1.0 1.045 0.9 1.0 1 XYZ 3 -1
take4_7.jld2 8 8 1 600000 600 0.0 1.0 1.046 0.9 1.0 1 XYZ 3 -1
take4_8.jld2 8 8 1 600000 600 0.0 1.0 1.047 0.9 1.0 1 XYZ 3 -1
take4_9.jld2 8 8 1 600000 600 0.0 1.0 1.048 0.9 1.0 1 XYZ 3 -1
take4_10.jld2 8 8 1 600000 600 0.0 1.0 1.049 0.9 1.0 1 XYZ 3 -1
take4_11.jld2 8 8 1 600000 600 0.0 1.0 1.050 0.9 1.0 1 XYZ 3 -1
take4_12.jld2 8 8 1 600000 600 0.0 1.0 1.051 0.9 1.0 1 XYZ 3 -1
take4_13.jld2 8 8 1 600000 600 0.0 1.0 1.052 0.9 1.0 1 XYZ 3 -1
take4_14.jld2 8 8 1 600000 600 0.0 1.0 1.053 0.9 1.0 1 XYZ 3 -1
take4_15.jld2 8 8 1 600000 600 0.0 1.0 1.054 0.9 1.0 1 XYZ 3 -1
take4_16.jld2 8 8 1 600000 600 0.0 1.0 1.055 0.9 1.0 1 XYZ 3 -1
take4_17.jld2 8 8 1 600000 600 0.0 1.0 1.056 0.9 1.0 1 XYZ 3 -1
take4_18.jld2 8 8 1 600000 600 0.0 1.0 1.057 0.9 1.0 1 XYZ 3 -1
take4_19.jld2 8 8 1 600000 600 0.0 1.0 1.058 0.9 1.0 1 XYZ 3 -1
take4_20.jld2 8 8 1 600000 600 0.0 1.0 1.059 0.9 1.0 1 XYZ 3 -1
take4_21.jld2 8 8 1 600000 600 0.0 1.0 1.060 0.9 1.0 1 XYZ 3 -1